sales
32
35
37
42
44
41
42
42
34
33
27
30
26
24
19
25
24
25
25
34
33
38
43
41
41
38
37
36
33
24
20
17
18
17
21
17
22
27
27
36
32
35
36
29
35
27
25
18
14
11
15
10
13
11
8
11
17
20
22
24
27
28
26
27
28
21
21
16
11
9
6
12
12
13
14
16
16
26
32
30
30
31
31
30
26
19
20
18
21
15
18
21
20
25
30
31
41
38
42
40
48
48
44
42
39
35
35
36
38
36
37
44
45
48
59
60
63
66
66
71
71
65
61
60
61
59
57
60
56
59
62
69
75
78
80
87
84
86
90
87
86
85
80
82
71
78
78
75
75
80
84
91
92
94
100
102
105
102
98
100
94
91
89
89
86
83
82
85
83
95
98
101
102
105
107
101
102
99
98
97
94
87
84
83
83
84
82
91
88
90
94
96
99
102
97
95
93
92
84
84
Pearson 1: 0,988474863904854
Pearson 2: 0,975591798307355
Pearson 3: 0,957559615316793
Pearson 4: 0,935929813805389
Pearson 5: 0,913287519849133
Pearson 6: 0,891125753427401
Pearson 7: 0,871046503759225
Pearson 8: 0,855655490613221
Pearson 9: 0,844829115344674
Pearson 10: 0,841762691359358
Pearson 11: 0,844441109958905
Pearson 12: 0,851061432783117
LOG: 0,089612158689687
LOG: 0,0555698511548108
LOG: 0,126751705639144
LOG: 0,0465200156348926
LOG: -0,0706175672139531
LOG: 0,0240975515790605
LOG: 0
LOG: -0,211309093667207
LOG: -0,0298529631496813
LOG: -0,200670695462151
LOG: 0,105360515657826
LOG: -0,143100843640673
LOG: -0,0800427076735364
LOG: -0,233614851181505
LOG: 0,27443684570176
LOG: -0,0408219945202548
LOG: 0,0408219945202548
LOG: 0
LOG: 0,307484699747961
LOG: -0,0298529631496813
LOG: 0,141078598259905
LOG: 0,123613955967177
LOG: -0,0476280489892544
LOG: 0
LOG: -0,0759859069779223
LOG: -0,0266682470821613
LOG: -0,0273989741881144
LOG: -0,0870113769896297
LOG: -0,318453731118534
LOG: -0,182321556793955
LOG: -0,162518929497775
LOG: 0,0571584138399484
LOG: -0,0571584138399484
LOG: 0,211309093667207
LOG: -0,211309093667207
LOG: 0,2578291093021
LOG: 0,204794412646013
LOG: 0
LOG: 0,287682072451781
LOG: -0,117783035656383
LOG: 0,089612158689687
LOG: 0,0281708769666964
LOG: -0,216223108469636
LOG: 0,188052231502939
LOG: -0,259511195485084
LOG: -0,0769610411361286
LOG: -0,328504066972036
LOG: -0,251314428280906
LOG: -0,241162056816888
LOG: 0,310154928303839
LOG: -0,405465108108164
LOG: 0,262364264467491
LOG: -0,167054084663166
LOG: -0,318453731118535
LOG: 0,318453731118535
LOG: 0,435318071257846
LOG: 0,162518929497775
LOG: 0,0953101798043252
LOG: 0,0870113769896297
LOG: 0,117783035656383
LOG: 0,0363676441708747
LOG: -0,0741079721537217
LOG: 0,037740327982847
LOG: 0,0363676441708747
LOG: -0,287682072451781
LOG: 0
LOG: -0,271933715483642
LOG: -0,37469344944141
LOG: -0,200670695462151
LOG: -0,405465108108165
LOG: 0,693147180559945
LOG: 0
LOG: 0,0800427076735364
LOG: 0,0741079721537217
LOG: 0,133531392624523
LOG: 0
LOG: 0,485507815781701
LOG: 0,207639364778244
LOG: -0,0645385211375711
LOG: 0
LOG: 0,0327898228229908
LOG: 0
LOG: -0,0327898228229908
LOG: -0,143100843640673
LOG: -0,313657558855042
LOG: 0,0512932943875506
LOG: -0,105360515657826
LOG: 0,154150679827258
LOG: -0,336472236621213
LOG: 0,182321556793954
LOG: 0,154150679827258
LOG: -0,0487901641694322
LOG: 0,22314355131421
LOG: 0,182321556793955
LOG: 0,0327898228229908
LOG: 0,279584862219162
LOG: -0,0759859069779223
LOG: 0,100083458556983
LOG: -0,0487901641694322
LOG: 0,182321556793955
LOG: 0
LOG: -0,0870113769896301
LOG: -0,0465200156348926
LOG: -0,0741079721537221
LOG: -0,108213584640233
LOG: 0
LOG: 0,0281708769666964
LOG: 0,0540672212702757
LOG: -0,0540672212702757
LOG: 0,0273989741881144
LOG: 0,173271721274037
LOG: 0,0224728558520586
LOG: 0,0645385211375715
LOG: 0,206336432997829
LOG: 0,0168071183163807
LOG: 0,0487901641694322
LOG: 0,0465200156348926
LOG: 0
LOG: 0,0730251350148903
LOG: 0
LOG: -0,0882926071456787
LOG: -0,0635134057223254
LOG: -0,0165293019512109
LOG: 0,0165293019512109
LOG: -0,0333364202675916
LOG: -0,0344861760711694
LOG: 0,0512932943875501
LOG: -0,0689928714869508
LOG: 0,0521857531705701
LOG: 0,049596941139372
LOG: 0,106972119552168
LOG: 0,0833816089390504
LOG: 0,0392207131532816
LOG: 0,0253178079842895
LOG: 0,0838814839807025
LOG: -0,0350913198112703
LOG: 0,023530497410194
LOG: 0,0454623740767577
LOG: -0,0339015516756813
LOG: -0,0115608224010764
LOG: -0,0116960397631907
LOG: -0,0606246218164355
LOG: 0,0246926125903721
LOG: -0,144039370222938
LOG: 0,0940289496482762
LOG: 0
LOG: -0,0392207131532816
LOG: 0
LOG: 0,0645385211375711
LOG: 0,0487901641694322
LOG: 0,0800427076735364
LOG: 0,0109290705321907
LOG: 0,0215062052209634
LOG: 0,061875403718088
LOG: 0,0198026272961789
LOG: 0,0289875368732524
LOG: -0,0289875368732524
LOG: -0,0400053346136984
LOG: 0,0202027073175195
LOG: -0,061875403718088
LOG: -0,0324352757531541
LOG: -0,0222231367847101
LOG: 0
LOG: -0,0342890734786323
LOG: -0,0355066884569091
LOG: -0,0121213605323449
LOG: 0,0359320092260633
LOG: -0,0238106486937184
LOG: 0,135036283803943
LOG: 0,0310905870700315
LOG: 0,0301530381706874
LOG: 0,009852296443011
LOG: 0,0289875368732524
LOG: 0,0188684843043827
LOG: -0,0577083176206461
LOG: 0,009852296443011
LOG: -0,0298529631496809
LOG: -0,0101523714640175
LOG: -0,0102565001671895
LOG: -0,031416196233379
LOG: -0,0773866636154201
LOG: -0,0350913198112703
LOG: -0,0119761910467151
LOG: 0
LOG: 0,0119761910467151
LOG: -0,02409755157906
LOG: 0,104140259252596
LOG: -0,0335226920386429
LOG: 0,0224728558520582
LOG: 0,0434851119397388
LOG: 0,0210534091978323
LOG: 0,0307716586667537
LOG: 0,0298529631496809
LOG: -0,0502618347808879
LOG: -0,0208340869028421
LOG: -0,0212773984472845
LOG: -0,0108109161042158
LOG: -0,0909717782057271
LOG: 0
Pearson 1: -0,0158714605646252
Pearson 2: 0,240195608475489
Pearson 3: 0,0867046545866733
Pearson 4: 0,02703875638767
Pearson 5: 0,00165405379647827
Pearson 6: 0,00155864888544242
Pearson 7: -0,241119064293794
Pearson 8: -0,187910193272281
Pearson 9: -0,358915492833466
Pearson 10: -0,269038153185599
Pearson 11: -0,161551685346888
Pearson 12: -0,24000021801721
sales
32
35
37
42
44
41
42
42
34
33
27
30
26
24
19
25
24
25
25
34
33
38
43
41
41
38
37
36
33
24
20
17
18
17
21
17
22
27
27
36
32
35
36
29
35
27
25
18
14
11
15
10
13
11
8
11
17
20
22
24
27
28
26
27
28
21
21
16
11
9
6
12
12
13
14
16
16
26
32
30
30
31
31
30
26
19
20
18
21
15
18
21
20
25
30
31
41
38
42
40
48
48
44
42
39
35
35
36
38
36
37
44
45
48
59
60
63
66
66
71
71
65
61
60
61
59
57
60
56
59
62
69
75
78
80
87
84
86
90
87
86
85
80
82
71
78
78
75
75
80
84
91
92
94
100
102
105
102
98
100
94
91
89
89
86
83
82
85
83
95
98
101
102
105
107
101
102
99
98
97
94
87
84
83
83
84
82
91
88
90
94
96
99
102
97
95
93
92
84
84
Pearson 1: 0,988474863904854
Pearson 2: 0,975591798307355
Pearson 3: 0,957559615316793
Pearson 4: 0,935929813805389
Pearson 5: 0,913287519849133
Pearson 6: 0,891125753427401
Pearson 7: 0,871046503759225
Pearson 8: 0,855655490613221
Pearson 9: 0,844829115344674
Pearson 10: 0,841762691359358
Pearson 11: 0,844441109958905
Pearson 12: 0,851061432783117
LOG: 0,089612158689687
LOG: 0,0555698511548108
LOG: 0,126751705639144
LOG: 0,0465200156348926
LOG: -0,0706175672139531
LOG: 0,0240975515790605
LOG: 0
LOG: -0,211309093667207
LOG: -0,0298529631496813
LOG: -0,200670695462151
LOG: 0,105360515657826
LOG: -0,143100843640673
LOG: -0,0800427076735364
LOG: -0,233614851181505
LOG: 0,27443684570176
LOG: -0,0408219945202548
LOG: 0,0408219945202548
LOG: 0
LOG: 0,307484699747961
LOG: -0,0298529631496813
LOG: 0,141078598259905
LOG: 0,123613955967177
LOG: -0,0476280489892544
LOG: 0
LOG: -0,0759859069779223
LOG: -0,0266682470821613
LOG: -0,0273989741881144
LOG: -0,0870113769896297
LOG: -0,318453731118534
LOG: -0,182321556793955
LOG: -0,162518929497775
LOG: 0,0571584138399484
LOG: -0,0571584138399484
LOG: 0,211309093667207
LOG: -0,211309093667207
LOG: 0,2578291093021
LOG: 0,204794412646013
LOG: 0
LOG: 0,287682072451781
LOG: -0,117783035656383
LOG: 0,089612158689687
LOG: 0,0281708769666964
LOG: -0,216223108469636
LOG: 0,188052231502939
LOG: -0,259511195485084
LOG: -0,0769610411361286
LOG: -0,328504066972036
LOG: -0,251314428280906
LOG: -0,241162056816888
LOG: 0,310154928303839
LOG: -0,405465108108164
LOG: 0,262364264467491
LOG: -0,167054084663166
LOG: -0,318453731118535
LOG: 0,318453731118535
LOG: 0,435318071257846
LOG: 0,162518929497775
LOG: 0,0953101798043252
LOG: 0,0870113769896297
LOG: 0,117783035656383
LOG: 0,0363676441708747
LOG: -0,0741079721537217
LOG: 0,037740327982847
LOG: 0,0363676441708747
LOG: -0,287682072451781
LOG: 0
LOG: -0,271933715483642
LOG: -0,37469344944141
LOG: -0,200670695462151
LOG: -0,405465108108165
LOG: 0,693147180559945
LOG: 0
LOG: 0,0800427076735364
LOG: 0,0741079721537217
LOG: 0,133531392624523
LOG: 0
LOG: 0,485507815781701
LOG: 0,207639364778244
LOG: -0,0645385211375711
LOG: 0
LOG: 0,0327898228229908
LOG: 0
LOG: -0,0327898228229908
LOG: -0,143100843640673
LOG: -0,313657558855042
LOG: 0,0512932943875506
LOG: -0,105360515657826
LOG: 0,154150679827258
LOG: -0,336472236621213
LOG: 0,182321556793954
LOG: 0,154150679827258
LOG: -0,0487901641694322
LOG: 0,22314355131421
LOG: 0,182321556793955
LOG: 0,0327898228229908
LOG: 0,279584862219162
LOG: -0,0759859069779223
LOG: 0,100083458556983
LOG: -0,0487901641694322
LOG: 0,182321556793955
LOG: 0
LOG: -0,0870113769896301
LOG: -0,0465200156348926
LOG: -0,0741079721537221
LOG: -0,108213584640233
LOG: 0
LOG: 0,0281708769666964
LOG: 0,0540672212702757
LOG: -0,0540672212702757
LOG: 0,0273989741881144
LOG: 0,173271721274037
LOG: 0,0224728558520586
LOG: 0,0645385211375715
LOG: 0,206336432997829
LOG: 0,0168071183163807
LOG: 0,0487901641694322
LOG: 0,0465200156348926
LOG: 0
LOG: 0,0730251350148903
LOG: 0
LOG: -0,0882926071456787
LOG: -0,0635134057223254
LOG: -0,0165293019512109
LOG: 0,0165293019512109
LOG: -0,0333364202675916
LOG: -0,0344861760711694
LOG: 0,0512932943875501
LOG: -0,0689928714869508
LOG: 0,0521857531705701
LOG: 0,049596941139372
LOG: 0,106972119552168
LOG: 0,0833816089390504
LOG: 0,0392207131532816
LOG: 0,0253178079842895
LOG: 0,0838814839807025
LOG: -0,0350913198112703
LOG: 0,023530497410194
LOG: 0,0454623740767577
LOG: -0,0339015516756813
LOG: -0,0115608224010764
LOG: -0,0116960397631907
LOG: -0,0606246218164355
LOG: 0,0246926125903721
LOG: -0,144039370222938
LOG: 0,0940289496482762
LOG: 0
LOG: -0,0392207131532816
LOG: 0
LOG: 0,0645385211375711
LOG: 0,0487901641694322
LOG: 0,0800427076735364
LOG: 0,0109290705321907
LOG: 0,0215062052209634
LOG: 0,061875403718088
LOG: 0,0198026272961789
LOG: 0,0289875368732524
LOG: -0,0289875368732524
LOG: -0,0400053346136984
LOG: 0,0202027073175195
LOG: -0,061875403718088
LOG: -0,0324352757531541
LOG: -0,0222231367847101
LOG: 0
LOG: -0,0342890734786323
LOG: -0,0355066884569091
LOG: -0,0121213605323449
LOG: 0,0359320092260633
LOG: -0,0238106486937184
LOG: 0,135036283803943
LOG: 0,0310905870700315
LOG: 0,0301530381706874
LOG: 0,009852296443011
LOG: 0,0289875368732524
LOG: 0,0188684843043827
LOG: -0,0577083176206461
LOG: 0,009852296443011
LOG: -0,0298529631496809
LOG: -0,0101523714640175
LOG: -0,0102565001671895
LOG: -0,031416196233379
LOG: -0,0773866636154201
LOG: -0,0350913198112703
LOG: -0,0119761910467151
LOG: 0
LOG: 0,0119761910467151
LOG: -0,02409755157906
LOG: 0,104140259252596
LOG: -0,0335226920386429
LOG: 0,0224728558520582
LOG: 0,0434851119397388
LOG: 0,0210534091978323
LOG: 0,0307716586667537
LOG: 0,0298529631496809
LOG: -0,0502618347808879
LOG: -0,0208340869028421
LOG: -0,0212773984472845
LOG: -0,0108109161042158
LOG: -0,0909717782057271
LOG: 0
Pearson 1: -0,0158714605646252
Pearson 2: 0,240195608475489
Pearson 3: 0,0867046545866733
Pearson 4: 0,02703875638767
Pearson 5: 0,00165405379647827
Pearson 6: 0,00155864888544242
Pearson 7: -0,241119064293794
Pearson 8: -0,187910193272281
Pearson 9: -0,358915492833466
Pearson 10: -0,269038153185599
Pearson 11: -0,161551685346888
Pearson 12: -0,24000021801721
sales
32
35
37
42
44
41
42
42
34
33
27
30
26
24
19
25
24
25
25
34
33
38
43
41
41
38
37
36
33
24
20
17
18
17
21
17
22
27
27
36
32
35
36
29
35
27
25
18
14
11
15
10
13
11
8
11
17
20
22
24
27
28
26
27
28
21
21
16
11
9
6
12
12
13
14
16
16
26
32
30
30
31
31
30
26
19
20
18
21
15
18
21
20
25
30
31
41
38
42
40
48
48
44
42
39
35
35
36
38
36
37
44
45
48
59
60
63
66
66
71
71
65
61
60
61
59
57
60
56
59
62
69
75
78
80
87
84
86
90
87
86
85
80
82
71
78
78
75
75
80
84
91
92
94
100
102
105
102
98
100
94
91
89
89
86
83
82
85
83
95
98
101
102
105
107
101
102
99
98
97
94
87
84
83
83
84
82
91
88
90
94
96
99
102
97
95
93
92
84
84
Pearson 1: 0,988474863904854
Pearson 2: 0,975591798307355
Pearson 3: 0,957559615316793
Pearson 4: 0,935929813805389
Pearson 5: 0,913287519849133
Pearson 6: 0,891125753427401
Pearson 7: 0,871046503759225
Pearson 8: 0,855655490613221
Pearson 9: 0,844829115344674
Pearson 10: 0,841762691359358
Pearson 11: 0,844441109958905
Pearson 12: 0,851061432783117
sales
32
35
37
42
44
41
42
42
34
33
27
30
26
24
19
25
24
25
25
34
33
38
43
41
41
38
37
36
33
24
20
17
18
17
21
17
22
27
27
36
32
35
36
29
35
27
25
18
14
11
15
10
13
11
8
11
17
20
22
24
27
28
26
27
28
21
21
16
11
9
6
12
12
13
14
16
16
26
32
30
30
31
31
30
26
19
20
18
21
15
18
21
20
25
30
31
41
38
42
40
48
48
44
42
39
35
35
36
38
36
37
44
45
48
59
60
63
66
66
71
71
65
61
60
61
59
57
60
56
59
62
69
75
78
80
87
84
86
90
87
86
85
80
82
71
78
78
75
75
80
84
91
92
94
100
102
105
102
98
100
94
91
89
89
86
83
82
85
83
95
98
101
102
105
107
101
102
99
98
97
94
87
84
83
83
84
82
91
88
90
94
96
99
102
97
95
93
92
84
84
Pearson 1: -0,0158714605646252
Pearson 2: 0,240195608475489
Pearson 3: 0,0867046545866733
Pearson 4: 0,02703875638767
Pearson 5: 0,00165405379647827
Pearson 6: 0,00155864888544242
Pearson 7: -0,241119064293794
Pearson 8: -0,187910193272281
Pearson 9: -0,358915492833466
Pearson 10: -0,269038153185599
Pearson 11: -0,161551685346888
Pearson 12: -0,24000021801721
sales
32
35
37
42
44
41
42
42
34
33
27
30
26
24
19
25
24
25
25
34
33
38
43
41
41
38
37
36
33
24
20
17
18
17
21
17
22
27
27
36
32
35
36
29
35
27
25
18
14
11
15
10
13
11
8
11
17
20
22
24
27
28
26
27
28
21
21
16
11
9
6
12
12
13
14
16
16
26
32
30
30
31
31
30
26
19
20
18
21
15
18
21
20
25
30
31
41
38
42
40
48
48
44
42
39
35
35
36
38
36
37
44
45
48
59
60
63
66
66
71
71
65
61
60
61
59
57
60
56
59
62
69
75
78
80
87
84
86
90
87
86
85
80
82
71
78
78
75
75
80
84
91
92
94
100
102
105
102
98
100
94
91
89
89
86
83
82
85
83
95
98
101
102
105
107
101
102
99
98
97
94
87
84
83
83
84
82
91
88
90
94
96
99
102
97
95
93
92
84
84
Pearson 1: 0,988474863904854
Pearson 2: 0,975591798307355
Pearson 3: 0,957559615316793
Pearson 4: 0,935929813805389
Pearson 5: 0,913287519849133
Pearson 6: 0,891125753427401
Pearson 7: 0,871046503759225
Pearson 8: 0,855655490613221
Pearson 9: 0,844829115344674
Pearson 10: 0,841762691359358
Pearson 11: 0,844441109958905
Pearson 12: 0,851061432783117
sales
32
35
37
42
44
41
42
42
34
33
27
30
26
24
19
25
24
25
25
34
33
38
43
41
41
38
37
36
33
24
20
17
18
17
21
17
22
27
27
36
32
35
36
29
35
27
25
18
14
11
15
10
13
11
8
11
17
20
22
24
27
28
26
27
28
21
21
16
11
9
6
12
12
13
14
16
16
26
32
30
30
31
31
30
26
19
20
18
21
15
18
21
20
25
30
31
41
38
42
40
48
48
44
42
39
35
35
36
38
36
37
44
45
48
59
60
63
66
66
71
71
65
61
60
61
59
57
60
56
59
62
69
75
78
80
87
84
86
90
87
86
85
80
82
71
78
78
75
75
80
84
91
92
94
100
102
105
102
98
100
94
91
89
89
86
83
82
85
83
95
98
101
102
105
107
101
102
99
98
97
94
87
84
83
83
84
82
91
88
90
94
96
99
102
97
95
93
92
84
84
Pearson 1: -0,0158714605646252
Pearson 2: 0,240195608475489
Pearson 3: 0,0867046545866733
Pearson 4: 0,02703875638767
Pearson 5: 0,00165405379647827
Pearson 6: 0,00155864888544242
Pearson 7: -0,241119064293794
Pearson 8: -0,187910193272281
Pearson 9: -0,358915492833466
Pearson 10: -0,269038153185599
Pearson 11: -0,161551685346888
Pearson 12: -0,24000021801721
sales
128
181
87
219
407
226
214
383
505
387
278
523
572
354
404
673
752
468
419
725
Pearson 1: 0,630764970358623
Pearson 2: 0,421843349221316
Pearson 3: 0,750067994126493
Pearson 4: 0,93590665484996
Pearson 5: 0,661933281385901
Pearson 6: 0,512287612831211
Pearson 7: 0,796894336773971
Pearson 8: 0,8772468033321
Pearson 9: 0,562916988514759
Pearson 10: 0,526194019788691
Pearson 11: 0,735053608304004
Pearson 12: 0,754188225759486
sales
128
181
87
219
407
226
214
383
505
387
278
523
572
354
404
673
752
468
419
725
Pearson 1: 0,630764970358623
Pearson 2: 0,421843349221316
Pearson 3: 0,750067994126493
Pearson 4: 0,93590665484996
Pearson 5: 0,661933281385901
Pearson 6: 0,512287612831211
Pearson 7: 0,796894336773971
Pearson 8: 0,8772468033321
Pearson 9: 0,562916988514759
Pearson 10: 0,526194019788691
Pearson 11: 0,735053608304004
Pearson 12: 0,754188225759486
sales
128
181
87
219
407
226
214
383
505
387
278
523
572
354
404
673
752
468
419
725
Pearson 1: 0,630764970358623
Pearson 2: 0,421843349221316
Pearson 3: 0,750067994126493
Pearson 4: 0,93590665484996
Pearson 5: 0,661933281385901
Pearson 6: 0,512287612831211
Pearson 7: 0,796894336773971
Pearson 8: 0,8772468033321
Pearson 9: 0,562916988514759
Pearson 10: 0,526194019788691
Pearson 11: 0,735053608304004
Pearson 12: 0,754188225759486
sales
128
181
87
219
407
226
214
383
505
387
278
523
572
354
404
673
752
468
419
725
Pearson 1: 0,630764970358623
Pearson 2: 0,421843349221316
Pearson 3: 0,750067994126493
Pearson 4: 0,93590665484996
Pearson 5: 0,661933281385901
Pearson 6: 0,512287612831211
Pearson 7: 0,796894336773971
Pearson 8: 0,8772468033321
Pearson 9: 0,562916988514759
Pearson 10: 0,526194019788691
Pearson 11: 0,735053608304004
Pearson 12: 0,754188225759486
sales
32
35
37
42
44
41
42
42
34
33
27
30
26
24
19
25
24
25
25
34
33
38
43
41
41
38
37
36
33
24
20
17
18
17
21
17
22
27
27
36
32
35
36
29
35
27
25
18
14
11
15
10
13
11
8
11
17
20
22
24
27
28
26
27
28
21
21
16
11
9
6
12
12
13
14
16
16
26
32
30
30
31
31
30
26
19
20
18
21
15
18
21
20
25
30
31
41
38
42
40
48
48
44
42
39
35
35
36
38
36
37
44
45
48
59
60
63
66
66
71
71
65
61
60
61
59
57
60
56
59
62
69
75
78
80
87
84
86
90
87
86
85
80
82
71
78
78
75
75
80
84
91
92
94
100
102
105
102
98
100
94
91
89
89
86
83
82
85
83
95
98
101
102
105
107
101
102
99
98
97
94
87
84
83
83
84
82
91
88
90
94
96
99
102
97
95
93
92
84
84
Pearson 1: 0,988474863904854
Pearson 2: 0,975591798307355
Pearson 3: 0,957559615316793
Pearson 4: 0,935929813805389
Pearson 5: 0,913287519849133
Pearson 6: 0,891125753427401
Pearson 7: 0,871046503759225
Pearson 8: 0,855655490613221
Pearson 9: 0,844829115344674
Pearson 10: 0,841762691359358
Pearson 11: 0,844441109958905
Pearson 12: 0,851061432783117
sales
32
35
37
42
44
41
42
42
34
33
27
30
26
24
19
25
24
25
25
34
33
38
43
41
41
38
37
36
33
24
20
17
18
17
21
17
22
27
27
36
32
35
36
29
35
27
25
18
14
11
15
10
13
11
8
11
17
20
22
24
27
28
26
27
28
21
21
16
11
9
6
12
12
13
14
16
16
26
32
30
30
31
31
30
26
19
20
18
21
15
18
21
20
25
30
31
41
38
42
40
48
48
44
42
39
35
35
36
38
36
37
44
45
48
59
60
63
66
66
71
71
65
61
60
61
59
57
60
56
59
62
69
75
78
80
87
84
86
90
87
86
85
80
82
71
78
78
75
75
80
84
91
92
94
100
102
105
102
98
100
94
91
89
89
86
83
82
85
83
95
98
101
102
105
107
101
102
99
98
97
94
87
84
83
83
84
82
91
88
90
94
96
99
102
97
95
93
92
84
84
Pearson 1: -0,0158714605646252
Pearson 2: 0,240195608475489
Pearson 3: 0,0867046545866733
Pearson 4: 0,02703875638767
Pearson 5: 0,00165405379647827
Pearson 6: 0,00155864888544242
Pearson 7: -0,241119064293794
Pearson 8: -0,187910193272281
Pearson 9: -0,358915492833466
Pearson 10: -0,269038153185599
Pearson 11: -0,161551685346888
Pearson 12: -0,24000021801721
sales
796
1021
912
969
1171
1094
1037
1089
1034
1122
1364
3436
795
992
895
997
1235
1259
1267
1260
1180
1203
1549
3797
897
1181
1050
1161
1356
1246
1214
1309
1236
1312
1718
4172
908
1213
1128
1195
1590
1377
1250
1382
1315
1360
1854
4435
1036
1428
1306
1347
1755
1397
1366
1466
1323
1451
1830
4464
1034
1400
1175
1258
1585
1330
1313
1348
1334
1395
1799
4658
1110
1502
1228
1352
1742
1515
1405
1455
1362
1495
1909
5196
1155
1650
1392
1457
1863
1623
1585
1606
1520
1641
2165
6034
1244
1979
1500
1560
2126
1771
1632
1757
1694
1670
2159
5729
1322
1960
1569
1534
1977
1617
1519
1667
1383
1575
2137
5301
1294
1989
1600
1614
2105
1655
1542
1733
1492
1651
2193
5770
1356
2012
1474
1612
2066
1707
1674
1758
1626
1756
2288
6164
1463
2346
1766
1829
2230
1887
1792
1800
1732
1852
2409
6517
1469
2412
1786
1924
2261
1968
1767
1954
1756
1892
2471
6761
1560
2600
1968
1876
2568
2122
1928
2093
2017
1993
2630
6748
1699
2521
1999
1954
2678
2226
2052
2178
2025
2175
2792
6521
1796
2608
2073
2042
2713
2158
2161
2221
1908
1995
2251
5044
1470
2108
1618
1753
2237
1830
1752
1821
1764
1823
2231
5249
1493
2088
1779
1789
2240
1797
1811
1806
1680
1901
2388
5077
1614
2221
1970
2187
2617
2088
1978
2173
2074
1997
2447
5601
1668
2598
2050
1948
2668
2143
1943
2116
2047
1997
2447
5601
1830
2600
2194
2300
2788
2194
2072
2224
2086
2318
2770
5996
1959
2705
2222
2359
2931
2241
2206
2305
2102
2236
2596
5763
1841
2536
2059
2212
2741
2254
2144
2164
1961
2083
2486
5807
1764
2640
2136
2291
2787
2204
Pearson 1: 0,0658317640546558
Pearson 2: 0,11168848715209
Pearson 3: 0,0309587157683371
Pearson 4: 0,0436767256654223
Pearson 5: 0,146576352615316
Pearson 6: 0,113380302523795
Pearson 7: 0,149206983080764
Pearson 8: 0,0557135730612673
Pearson 9: 0,0490596416188874
Pearson 10: 0,131022164578739
Pearson 11: 0,0954506930602013
Pearson 12: 0,958555994619618
sales
128
181
87
219
407
226
214
383
505
387
278
523
572
354
404
673
752
468
419
725
Pearson 1: 0,630764970358623
Pearson 2: 0,421843349221316
Pearson 3: 0,750067994126493
Pearson 4: 0,93590665484996
Pearson 5: 0,661933281385901
Pearson 6: 0,512287612831211
Pearson 7: 0,796894336773971
Pearson 8: 0,8772468033321
Pearson 9: 0,562916988514759
Pearson 10: 0,526194019788691
Pearson 11: 0,735053608304004
Pearson 12: 0,754188225759486
sales
32,94638131
35,05314733
37,22823244
42,86513536
44,62220005
41,36901181
42,93951946
42,8927732
34,79841451
33,85246505
27,55786678
30,2322229
26,31997414
24,50100537
19,56498999
25,68826056
24,47664919
25,77310876
25,86583634
34,42999251
33,76128399
38,9023959
43,01201746
41,09817731
41,57778896
38,91415522
37,89233181
36,54942565
33,93252042
24,0246727
20,80291991
17,46601208
18,47355328
17,79830809
21,36094697
17,13542904
22,45934265
27,27327576
27,49770684
36,52641287
32,80982856
35,12781768
36,1654508
29,24741787
35,09589973
27,38448097
25,02652248
18,28556742
14,9458333
11,19276354
15,35084699
10,86311862
13,50830729
11,82196119
8,684610434
11,7293205
17,98356827
20,95368269
22,0132379
24,78736201
27,56881894
28,59342246
26,1090471
27,54881646
28,6405791
21,53602803
21,38281042
16,56859919
11,73589607
9,570862532
6,205619745
12,29976404
12,29119139
13,39496167
14,80177926
16,86067291
16,93131265
26,339422
32,14067648
30,29616364
30,22700885
31,40194201
31,42663164
30,8123109
26,01010958
19,83900251
20,6831558
18,9774165
21,47455231
15,76850595
18,40938116
21,63423751
20,68416369
25,89145507
30,96730758
31,90026967
41,4327964
38,49936986
42,83033133
40,30030692
48,99866521
48,02271449
44,11497242
42,41688071
39,52188135
35,21322775
35,69043058
36,26008318
38,8481907
36,46050158
37,72478697
44,63030136
45,72380454
48,4317209
59,38225385
60,2937978
63,23048673
66,66972077
66,95128286
71,1566466
71,37124727
65,56623503
61,72487213
60,53170901
61,66279962
59,8034974
57,13768734
60,73517926
56,60351204
59,79938525
62,9688995
69,79255203
75,02856147
78,77599326
80,63051764
87,97517159
84,73726553
86,17567142
90,02917434
87,59354735
86,10170609
85,13599083
80,75436547
82,2639945
71,45546633
78,12505945
78,07734211
75,62649432
75,66253688
80,85760042
84,83476858
91,68739297
92,98625683
94,62329965
100,7983444
102,7869863
105,6233953
102,841473
98,15339263
100,1525735
94,26123012
91,69217436
89,36155662
89,60371718
86,79964765
83,19416704
82,4012931
85,40289527
83,21608217
95,26855249
98,31274217
101,0750731
102,2856659
105,0395937
107,3775465
101,5747701
102,998452
99,49112985
98,86293364
97,68909001
94,74298611
87,05719971
84,74033283
83,4527415
83,48054874
84,74853083
82,25618188
91,12038338
88,02096238
90,17063391
94,29262111
96,87903763
99,25760642
102,0662626
97,69092606
95,10562514
93,81235163
92,20893629
84,95774124
84,81913832
Pearson 1: 0,563906242520442
Pearson 2: 0,522285644759223
Pearson 3: 0,431011277037837
Pearson 4: 0,360820668386861
Pearson 5: 0,353689044462063
Pearson 6: 0,302541577173754
Pearson 7: 0,370396673581393
Pearson 8: 0,319264960642988
Pearson 9: 0,398812899182199
Pearson 10: 0,435652290080657
Pearson 11: 0,385972550583307
Pearson 12: 0,398093646225007
sales
32,94638131
35,05314733
37,22823244
42,86513536
44,62220005
41,36901181
42,93951946
42,8927732
34,79841451
33,85246505
27,55786678
30,2322229
26,31997414
24,50100537
19,56498999
25,68826056
24,47664919
25,77310876
25,86583634
34,42999251
33,76128399
38,9023959
43,01201746
41,09817731
41,57778896
38,91415522
37,89233181
36,54942565
33,93252042
24,0246727
20,80291991
17,46601208
18,47355328
17,79830809
21,36094697
17,13542904
22,45934265
27,27327576
27,49770684
36,52641287
32,80982856
35,12781768
36,1654508
29,24741787
35,09589973
27,38448097
25,02652248
18,28556742
14,9458333
11,19276354
15,35084699
10,86311862
13,50830729
11,82196119
8,684610434
11,7293205
17,98356827
20,95368269
22,0132379
24,78736201
27,56881894
28,59342246
26,1090471
27,54881646
28,6405791
21,53602803
21,38281042
16,56859919
11,73589607
9,570862532
6,205619745
12,29976404
12,29119139
13,39496167
14,80177926
16,86067291
16,93131265
26,339422
32,14067648
30,29616364
30,22700885
31,40194201
31,42663164
30,8123109
26,01010958
19,83900251
20,6831558
18,9774165
21,47455231
15,76850595
18,40938116
21,63423751
20,68416369
25,89145507
30,96730758
31,90026967
41,4327964
38,49936986
42,83033133
40,30030692
48,99866521
48,02271449
44,11497242
42,41688071
39,52188135
35,21322775
35,69043058
36,26008318
38,8481907
36,46050158
37,72478697
44,63030136
45,72380454
48,4317209
59,38225385
60,2937978
63,23048673
66,66972077
66,95128286
71,1566466
71,37124727
65,56623503
61,72487213
60,53170901
61,66279962
59,8034974
57,13768734
60,73517926
56,60351204
59,79938525
62,9688995
69,79255203
75,02856147
78,77599326
80,63051764
87,97517159
84,73726553
86,17567142
90,02917434
87,59354735
86,10170609
85,13599083
80,75436547
82,2639945
71,45546633
78,12505945
78,07734211
75,62649432
75,66253688
80,85760042
84,83476858
91,68739297
92,98625683
94,62329965
100,7983444
102,7869863
105,6233953
102,841473
98,15339263
100,1525735
94,26123012
91,69217436
89,36155662
89,60371718
86,79964765
83,19416704
82,4012931
85,40289527
83,21608217
95,26855249
98,31274217
101,0750731
102,2856659
105,0395937
107,3775465
101,5747701
102,998452
99,49112985
98,86293364
97,68909001
94,74298611
87,05719971
84,74033283
83,4527415
83,48054874
84,74853083
82,25618188
91,12038338
88,02096238
90,17063391
94,29262111
96,87903763
99,25760642
102,0662626
97,69092606
95,10562514
93,81235163
92,20893629
84,95774124
84,81913832
Pearson 1: -0,516360386550708
Pearson 2: 0,0473413997221139
Pearson 3: -0,00382168394424109
Pearson 4: 0,00178015185306679
Pearson 5: -0,0453950133643861
Pearson 6: 0,0156850882064021
Pearson 7: 0,0825327925870636
Pearson 8: -0,210684080079845
Pearson 9: 0,10410032870264
Pearson 10: 0,116499211529529
Pearson 11: -0,0934270403090508
Pearson 12: -0,0340520479370078
sales
32,94638131
35,05314733
37,22823244
42,86513536
44,62220005
41,36901181
42,93951946
42,8927732
34,79841451
33,85246505
27,55786678
30,2322229
26,31997414
24,50100537
19,56498999
25,68826056
24,47664919
25,77310876
25,86583634
34,42999251
33,76128399
38,9023959
43,01201746
41,09817731
41,57778896
38,91415522
37,89233181
36,54942565
33,93252042
24,0246727
20,80291991
17,46601208
18,47355328
17,79830809
21,36094697
17,13542904
22,45934265
27,27327576
27,49770684
36,52641287
32,80982856
35,12781768
36,1654508
29,24741787
35,09589973
27,38448097
25,02652248
18,28556742
14,9458333
11,19276354
15,35084699
10,86311862
13,50830729
11,82196119
8,684610434
11,7293205
17,98356827
20,95368269
22,0132379
24,78736201
27,56881894
28,59342246
26,1090471
27,54881646
28,6405791
21,53602803
21,38281042
16,56859919
11,73589607
9,570862532
6,205619745
12,29976404
12,29119139
13,39496167
14,80177926
16,86067291
16,93131265
26,339422
32,14067648
30,29616364
30,22700885
31,40194201
31,42663164
30,8123109
26,01010958
19,83900251
20,6831558
18,9774165
21,47455231
15,76850595
18,40938116
21,63423751
20,68416369
25,89145507
30,96730758
31,90026967
41,4327964
38,49936986
42,83033133
40,30030692
48,99866521
48,02271449
44,11497242
42,41688071
39,52188135
35,21322775
35,69043058
36,26008318
38,8481907
36,46050158
37,72478697
44,63030136
45,72380454
48,4317209
59,38225385
60,2937978
63,23048673
66,66972077
66,95128286
71,1566466
71,37124727
65,56623503
61,72487213
60,53170901
61,66279962
59,8034974
57,13768734
60,73517926
56,60351204
59,79938525
62,9688995
69,79255203
75,02856147
78,77599326
80,63051764
87,97517159
84,73726553
86,17567142
90,02917434
87,59354735
86,10170609
85,13599083
80,75436547
82,2639945
71,45546633
78,12505945
78,07734211
75,62649432
75,66253688
80,85760042
84,83476858
91,68739297
92,98625683
94,62329965
100,7983444
102,7869863
105,6233953
102,841473
98,15339263
100,1525735
94,26123012
91,69217436
89,36155662
89,60371718
86,79964765
83,19416704
82,4012931
85,40289527
83,21608217
95,26855249
98,31274217
101,0750731
102,2856659
105,0395937
107,3775465
101,5747701
102,998452
99,49112985
98,86293364
97,68909001
94,74298611
87,05719971
84,74033283
83,4527415
83,48054874
84,74853083
82,25618188
91,12038338
88,02096238
90,17063391
94,29262111
96,87903763
99,25760642
102,0662626
97,69092606
95,10562514
93,81235163
92,20893629
84,95774124
84,81913832
Pearson 1: 0,563906242520442
Pearson 2: 0,522285644759223
Pearson 3: 0,431011277037837
Pearson 4: 0,360820668386861
Pearson 5: 0,353689044462063
Pearson 6: 0,302541577173754
Pearson 7: 0,370396673581393
Pearson 8: 0,319264960642988
Pearson 9: 0,398812899182199
Pearson 10: 0,435652290080657
Pearson 11: 0,385972550583307
Pearson 12: 0,398093646225007
sales
32,94638131
35,05314733
37,22823244
42,86513536
44,62220005
41,36901181
42,93951946
42,8927732
34,79841451
33,85246505
27,55786678
30,2322229
26,31997414
24,50100537
19,56498999
25,68826056
24,47664919
25,77310876
25,86583634
34,42999251
33,76128399
38,9023959
43,01201746
41,09817731
41,57778896
38,91415522
37,89233181
36,54942565
33,93252042
24,0246727
20,80291991
17,46601208
18,47355328
17,79830809
21,36094697
17,13542904
22,45934265
27,27327576
27,49770684
36,52641287
32,80982856
35,12781768
36,1654508
29,24741787
35,09589973
27,38448097
25,02652248
18,28556742
14,9458333
11,19276354
15,35084699
10,86311862
13,50830729
11,82196119
8,684610434
11,7293205
17,98356827
20,95368269
22,0132379
24,78736201
27,56881894
28,59342246
26,1090471
27,54881646
28,6405791
21,53602803
21,38281042
16,56859919
11,73589607
9,570862532
6,205619745
12,29976404
12,29119139
13,39496167
14,80177926
16,86067291
16,93131265
26,339422
32,14067648
30,29616364
30,22700885
31,40194201
31,42663164
30,8123109
26,01010958
19,83900251
20,6831558
18,9774165
21,47455231
15,76850595
18,40938116
21,63423751
20,68416369
25,89145507
30,96730758
31,90026967
41,4327964
38,49936986
42,83033133
40,30030692
48,99866521
48,02271449
44,11497242
42,41688071
39,52188135
35,21322775
35,69043058
36,26008318
38,8481907
36,46050158
37,72478697
44,63030136
45,72380454
48,4317209
59,38225385
60,2937978
63,23048673
66,66972077
66,95128286
71,1566466
71,37124727
65,56623503
61,72487213
60,53170901
61,66279962
59,8034974
57,13768734
60,73517926
56,60351204
59,79938525
62,9688995
69,79255203
75,02856147
78,77599326
80,63051764
87,97517159
84,73726553
86,17567142
90,02917434
87,59354735
86,10170609
85,13599083
80,75436547
82,2639945
71,45546633
78,12505945
78,07734211
75,62649432
75,66253688
80,85760042
84,83476858
91,68739297
92,98625683
94,62329965
100,7983444
102,7869863
105,6233953
102,841473
98,15339263
100,1525735
94,26123012
91,69217436
89,36155662
89,60371718
86,79964765
83,19416704
82,4012931
85,40289527
83,21608217
95,26855249
98,31274217
101,0750731
102,2856659
105,0395937
107,3775465
101,5747701
102,998452
99,49112985
98,86293364
97,68909001
94,74298611
87,05719971
84,74033283
83,4527415
83,48054874
84,74853083
82,25618188
91,12038338
88,02096238
90,17063391
94,29262111
96,87903763
99,25760642
102,0662626
97,69092606
95,10562514
93,81235163
92,20893629
84,95774124
84,81913832
Pearson 1: -0,516360386550708
Pearson 2: 0,0473413997221139
Pearson 3: -0,00382168394424109
Pearson 4: 0,00178015185306679
Pearson 5: -0,0453950133643861
Pearson 6: 0,0156850882064021
Pearson 7: 0,0825327925870636
Pearson 8: -0,210684080079845
Pearson 9: 0,10410032870264
Pearson 10: 0,116499211529529
Pearson 11: -0,0934270403090508
Pearson 12: -0,0340520479370078
sales
128
181
87
219
407
226
214
383
505
387
278
523
572
354
404
673
752
468
419
725
Pearson 1: 0,630764970358623
Pearson 2: 0,421843349221316
Pearson 3: 0,750067994126493
Pearson 4: 0,93590665484996
Pearson 5: 0,661933281385901
Pearson 6: 0,512287612831211
Pearson 7: 0,796894336773971
Pearson 8: 0,8772468033321
Pearson 9: 0,562916988514759
Pearson 10: 0,526194019788691
Pearson 11: 0,735053608304004
Pearson 12: 0,754188225759486
sales
796
1021
912
969
1171
1094
1037
1089
1034
1122
1364
3436
795
992
895
997
1235
1259
1267
1260
1180
1203
1549
3797
897
1181
1050
1161
1356
1246
1214
1309
1236
1312
1718
4172
908
1213
1128
1195
1590
1377
1250
1382
1315
1360
1854
4435
1036
1428
1306
1347
1755
1397
1366
1466
1323
1451
1830
4464
1034
1400
1175
1258
1585
1330
1313
1348
1334
1395
1799
4658
1110
1502
1228
1352
1742
1515
1405
1455
1362
1495
1909
5196
1155
1650
1392
1457
1863
1623
1585
1606
1520
1641
2165
6034
1244
1979
1500
1560
2126
1771
1632
1757
1694
1670
2159
5729
1322
1960
1569
1534
1977
1617
1519
1667
1383
1575
2137
5301
1294
1989
1600
1614
2105
1655
1542
1733
1492
1651
2193
5770
1356
2012
1474
1612
2066
1707
1674
1758
1626
1756
2288
6164
1463
2346
1766
1829
2230
1887
1792
1800
1732
1852
2409
6517
1469
2412
1786
1924
2261
1968
1767
1954
1756
1892
2471
6761
1560
2600
1968
1876
2568
2122
1928
2093
2017
1993
2630
6748
1699
2521
1999
1954
2678
2226
2052
2178
2025
2175
2792
6521
1796
2608
2073
2042
2713
2158
2161
2221
1908
1995
2251
5044
1470
2108
1618
1753
2237
1830
1752
1821
1764
1823
2231
5249
1493
2088
1779
1789
2240
1797
1811
1806
1680
1901
2388
5077
1614
2221
1970
2187
2617
2088
1978
2173
2074
1997
2447
5601
1668
2598
2050
1948
2668
2143
1943
2116
2047
1997
2447
5601
1830
2600
2194
2300
2788
2194
2072
2224
2086
2318
2770
5996
1959
2705
2222
2359
2931
2241
2206
2305
2102
2236
2596
5763
1841
2536
2059
2212
2741
2254
2144
2164
1961
2083
2486
5807
1764
2640
2136
2291
2787
2204
Pearson 1: 0,0658317640546558
Pearson 2: 0,11168848715209
Pearson 3: 0,0309587157683371
Pearson 4: 0,0436767256654223
Pearson 5: 0,146576352615316
Pearson 6: 0,113380302523795
Pearson 7: 0,149206983080764
Pearson 8: 0,0557135730612673
Pearson 9: 0,0490596416188874
Pearson 10: 0,131022164578739
Pearson 11: 0,0954506930602013
Pearson 12: 0,958555994619618
sales
32.94638131
35.05314733
37.22823244
42.86513536
44.62220005
41.36901181
42.93951946
42.8927732
34.79841451
33.85246505
27.55786678
30.2322229
26.31997414
24.50100537
19.56498999
25.68826056
24.47664919
25.77310876
25.86583634
34.42999251
33.76128399
38.9023959
43.01201746
41.09817731
41.57778896
38.91415522
37.89233181
36.54942565
33.93252042
24.0246727
20.80291991
17.46601208
18.47355328
17.79830809
21.36094697
17.13542904
22.45934265
27.27327576
27.49770684
36.52641287
32.80982856
35.12781768
36.1654508
29.24741787
35.09589973
27.38448097
25.02652248
18.28556742
14.9458333
11.19276354
15.35084699
10.86311862
13.50830729
11.82196119
8.684610434
11.7293205
17.98356827
20.95368269
22.0132379
24.78736201
27.56881894
28.59342246
26.1090471
27.54881646
28.6405791
21.53602803
21.38281042
16.56859919
11.73589607
9.570862532
6.205619745
12.29976404
12.29119139
13.39496167
14.80177926
16.86067291
16.93131265
26.339422
32.14067648
30.29616364
30.22700885
31.40194201
31.42663164
30.8123109
26.01010958
19.83900251
20.6831558
18.9774165
21.47455231
15.76850595
18.40938116
21.63423751
20.68416369
25.89145507
30.96730758
31.90026967
41.4327964
38.49936986
42.83033133
40.30030692
48.99866521
48.02271449
44.11497242
42.41688071
39.52188135
35.21322775
35.69043058
36.26008318
38.8481907
36.46050158
37.72478697
44.63030136
45.72380454
48.4317209
59.38225385
60.2937978
63.23048673
66.66972077
66.95128286
71.1566466
71.37124727
65.56623503
61.72487213
60.53170901
61.66279962
59.8034974
57.13768734
60.73517926
56.60351204
59.79938525
62.9688995
69.79255203
75.02856147
78.77599326
80.63051764
87.97517159
84.73726553
86.17567142
90.02917434
87.59354735
86.10170609
85.13599083
80.75436547
82.2639945
71.45546633
78.12505945
78.07734211
75.62649432
75.66253688
80.85760042
84.83476858
91.68739297
92.98625683
94.62329965
100.7983444
102.7869863
105.6233953
102.841473
98.15339263
100.1525735
94.26123012
91.69217436
89.36155662
89.60371718
86.79964765
83.19416704
82.4012931
85.40289527
83.21608217
95.26855249
98.31274217
101.0750731
102.2856659
105.0395937
107.3775465
101.5747701
102.998452
99.49112985
98.86293364
97.68909001
94.74298611
87.05719971
84.74033283
83.4527415
83.48054874
84.74853083
82.25618188
91.12038338
88.02096238
90.17063391
94.29262111
96.87903763
99.25760642
102.0662626
97.69092606
95.10562514
93.81235163
92.20893629
84.95774124
84.81913832
Pearson 1: 0,563906242520442
Pearson 2: 0,522285644759223
Pearson 3: 0,431011277037837
Pearson 4: 0,360820668386861
Pearson 5: 0,353689044462063
Pearson 6: 0,302541577173754
Pearson 7: 0,370396673581393
Pearson 8: 0,319264960642988
Pearson 9: 0,398812899182199
Pearson 10: 0,435652290080657
Pearson 11: 0,385972550583307
Pearson 12: 0,398093646225007
sales
32.94638131
35.05314733
37.22823244
42.86513536
44.62220005
41.36901181
42.93951946
42.8927732
34.79841451
33.85246505
27.55786678
30.2322229
26.31997414
24.50100537
19.56498999
25.68826056
24.47664919
25.77310876
25.86583634
34.42999251
33.76128399
38.9023959
43.01201746
41.09817731
41.57778896
38.91415522
37.89233181
36.54942565
33.93252042
24.0246727
20.80291991
17.46601208
18.47355328
17.79830809
21.36094697
17.13542904
22.45934265
27.27327576
27.49770684
36.52641287
32.80982856
35.12781768
36.1654508
29.24741787
35.09589973
27.38448097
25.02652248
18.28556742
14.9458333
11.19276354
15.35084699
10.86311862
13.50830729
11.82196119
8.684610434
11.7293205
17.98356827
20.95368269
22.0132379
24.78736201
27.56881894
28.59342246
26.1090471
27.54881646
28.6405791
21.53602803
21.38281042
16.56859919
11.73589607
9.570862532
6.205619745
12.29976404
12.29119139
13.39496167
14.80177926
16.86067291
16.93131265
26.339422
32.14067648
30.29616364
30.22700885
31.40194201
31.42663164
30.8123109
26.01010958
19.83900251
20.6831558
18.9774165
21.47455231
15.76850595
18.40938116
21.63423751
20.68416369
25.89145507
30.96730758
31.90026967
41.4327964
38.49936986
42.83033133
40.30030692
48.99866521
48.02271449
44.11497242
42.41688071
39.52188135
35.21322775
35.69043058
36.26008318
38.8481907
36.46050158
37.72478697
44.63030136
45.72380454
48.4317209
59.38225385
60.2937978
63.23048673
66.66972077
66.95128286
71.1566466
71.37124727
65.56623503
61.72487213
60.53170901
61.66279962
59.8034974
57.13768734
60.73517926
56.60351204
59.79938525
62.9688995
69.79255203
75.02856147
78.77599326
80.63051764
87.97517159
84.73726553
86.17567142
90.02917434
87.59354735
86.10170609
85.13599083
80.75436547
82.2639945
71.45546633
78.12505945
78.07734211
75.62649432
75.66253688
80.85760042
84.83476858
91.68739297
92.98625683
94.62329965
100.7983444
102.7869863
105.6233953
102.841473
98.15339263
100.1525735
94.26123012
91.69217436
89.36155662
89.60371718
86.79964765
83.19416704
82.4012931
85.40289527
83.21608217
95.26855249
98.31274217
101.0750731
102.2856659
105.0395937
107.3775465
101.5747701
102.998452
99.49112985
98.86293364
97.68909001
94.74298611
87.05719971
84.74033283
83.4527415
83.48054874
84.74853083
82.25618188
91.12038338
88.02096238
90.17063391
94.29262111
96.87903763
99.25760642
102.0662626
97.69092606
95.10562514
93.81235163
92.20893629
84.95774124
84.81913832
Pearson 1: -0,516360386550708
Pearson 2: 0,0473413997221139
Pearson 3: -0,00382168394424109
Pearson 4: 0,00178015185306679
Pearson 5: -0,0453950133643861
Pearson 6: 0,0156850882064021
Pearson 7: 0,0825327925870636
Pearson 8: -0,210684080079845
Pearson 9: 0,10410032870264
Pearson 10: 0,116499211529529
Pearson 11: -0,0934270403090508
Pearson 12: -0,0340520479370078
sales
32.94638131
35.05314733
37.22823244
42.86513536
44.62220005
41.36901181
42.93951946
42.8927732
34.79841451
33.85246505
27.55786678
30.2322229
26.31997414
24.50100537
19.56498999
25.68826056
24.47664919
25.77310876
25.86583634
34.42999251
33.76128399
38.9023959
43.01201746
41.09817731
41.57778896
38.91415522
37.89233181
36.54942565
33.93252042
24.0246727
20.80291991
17.46601208
18.47355328
17.79830809
21.36094697
17.13542904
22.45934265
27.27327576
27.49770684
36.52641287
32.80982856
35.12781768
36.1654508
29.24741787
35.09589973
27.38448097
25.02652248
18.28556742
14.9458333
11.19276354
15.35084699
10.86311862
13.50830729
11.82196119
8.684610434
11.7293205
17.98356827
20.95368269
22.0132379
24.78736201
27.56881894
28.59342246
26.1090471
27.54881646
28.6405791
21.53602803
21.38281042
16.56859919
11.73589607
9.570862532
6.205619745
12.29976404
12.29119139
13.39496167
14.80177926
16.86067291
16.93131265
26.339422
32.14067648
30.29616364
30.22700885
31.40194201
31.42663164
30.8123109
26.01010958
19.83900251
20.6831558
18.9774165
21.47455231
15.76850595
18.40938116
21.63423751
20.68416369
25.89145507
30.96730758
31.90026967
41.4327964
38.49936986
42.83033133
40.30030692
48.99866521
48.02271449
44.11497242
42.41688071
39.52188135
35.21322775
35.69043058
36.26008318
38.8481907
36.46050158
37.72478697
44.63030136
45.72380454
48.4317209
59.38225385
60.2937978
63.23048673
66.66972077
66.95128286
71.1566466
71.37124727
65.56623503
61.72487213
60.53170901
61.66279962
59.8034974
57.13768734
60.73517926
56.60351204
59.79938525
62.9688995
69.79255203
75.02856147
78.77599326
80.63051764
87.97517159
84.73726553
86.17567142
90.02917434
87.59354735
86.10170609
85.13599083
80.75436547
82.2639945
71.45546633
78.12505945
78.07734211
75.62649432
75.66253688
80.85760042
84.83476858
91.68739297
92.98625683
94.62329965
100.7983444
102.7869863
105.6233953
102.841473
98.15339263
100.1525735
94.26123012
91.69217436
89.36155662
89.60371718
86.79964765
83.19416704
82.4012931
85.40289527
83.21608217
95.26855249
98.31274217
101.0750731
102.2856659
105.0395937
107.3775465
101.5747701
102.998452
99.49112985
98.86293364
97.68909001
94.74298611
87.05719971
84.74033283
83.4527415
83.48054874
84.74853083
82.25618188
91.12038338
88.02096238
90.17063391
94.29262111
96.87903763
99.25760642
102.0662626
97.69092606
95.10562514
93.81235163
92.20893629
84.95774124
84.81913832
Pearson 1: 0,563906242520442
Pearson 2: 0,522285644759223
Pearson 3: 0,431011277037837
Pearson 4: 0,360820668386861
Pearson 5: 0,353689044462063
Pearson 6: 0,302541577173754
Pearson 7: 0,370396673581393
Pearson 8: 0,319264960642988
Pearson 9: 0,398812899182199
Pearson 10: 0,435652290080657
Pearson 11: 0,385972550583307
Pearson 12: 0,398093646225007
sales
32.94638131
35.05314733
37.22823244
42.86513536
44.62220005
41.36901181
42.93951946
42.8927732
34.79841451
33.85246505
27.55786678
30.2322229
26.31997414
24.50100537
19.56498999
25.68826056
24.47664919
25.77310876
25.86583634
34.42999251
33.76128399
38.9023959
43.01201746
41.09817731
41.57778896
38.91415522
37.89233181
36.54942565
33.93252042
24.0246727
20.80291991
17.46601208
18.47355328
17.79830809
21.36094697
17.13542904
22.45934265
27.27327576
27.49770684
36.52641287
32.80982856
35.12781768
36.1654508
29.24741787
35.09589973
27.38448097
25.02652248
18.28556742
14.9458333
11.19276354
15.35084699
10.86311862
13.50830729
11.82196119
8.684610434
11.7293205
17.98356827
20.95368269
22.0132379
24.78736201
27.56881894
28.59342246
26.1090471
27.54881646
28.6405791
21.53602803
21.38281042
16.56859919
11.73589607
9.570862532
6.205619745
12.29976404
12.29119139
13.39496167
14.80177926
16.86067291
16.93131265
26.339422
32.14067648
30.29616364
30.22700885
31.40194201
31.42663164
30.8123109
26.01010958
19.83900251
20.6831558
18.9774165
21.47455231
15.76850595
18.40938116
21.63423751
20.68416369
25.89145507
30.96730758
31.90026967
41.4327964
38.49936986
42.83033133
40.30030692
48.99866521
48.02271449
44.11497242
42.41688071
39.52188135
35.21322775
35.69043058
36.26008318
38.8481907
36.46050158
37.72478697
44.63030136
45.72380454
48.4317209
59.38225385
60.2937978
63.23048673
66.66972077
66.95128286
71.1566466
71.37124727
65.56623503
61.72487213
60.53170901
61.66279962
59.8034974
57.13768734
60.73517926
56.60351204
59.79938525
62.9688995
69.79255203
75.02856147
78.77599326
80.63051764
87.97517159
84.73726553
86.17567142
90.02917434
87.59354735
86.10170609
85.13599083
80.75436547
82.2639945
71.45546633
78.12505945
78.07734211
75.62649432
75.66253688
80.85760042
84.83476858
91.68739297
92.98625683
94.62329965
100.7983444
102.7869863
105.6233953
102.841473
98.15339263
100.1525735
94.26123012
91.69217436
89.36155662
89.60371718
86.79964765
83.19416704
82.4012931
85.40289527
83.21608217
95.26855249
98.31274217
101.0750731
102.2856659
105.0395937
107.3775465
101.5747701
102.998452
99.49112985
98.86293364
97.68909001
94.74298611
87.05719971
84.74033283
83.4527415
83.48054874
84.74853083
82.25618188
91.12038338
88.02096238
90.17063391
94.29262111
96.87903763
99.25760642
102.0662626
97.69092606
95.10562514
93.81235163
92.20893629
84.95774124
84.81913832
Pearson 1: -0,516360386550708
Pearson 2: 0,0473413997221139
Pearson 3: -0,00382168394424109
Pearson 4: 0,00178015185306679
Pearson 5: -0,0453950133643861
Pearson 6: 0,0156850882064021
Pearson 7: 0,0825327925870636
Pearson 8: -0,210684080079845
Pearson 9: 0,10410032870264
Pearson 10: 0,116499211529529
Pearson 11: -0,0934270403090508
Pearson 12: -0,0340520479370078
sales
32.94638131
35.05314733
37.22823244
42.86513536
44.62220005
41.36901181
42.93951946
42.8927732
34.79841451
33.85246505
27.55786678
30.2322229
26.31997414
24.50100537
19.56498999
25.68826056
24.47664919
25.77310876
25.86583634
34.42999251
33.76128399
38.9023959
43.01201746
41.09817731
41.57778896
38.91415522
37.89233181
36.54942565
33.93252042
24.0246727
20.80291991
17.46601208
18.47355328
17.79830809
21.36094697
17.13542904
22.45934265
27.27327576
27.49770684
36.52641287
32.80982856
35.12781768
36.1654508
29.24741787
35.09589973
27.38448097
25.02652248
18.28556742
14.9458333
11.19276354
15.35084699
10.86311862
13.50830729
11.82196119
8.684610434
11.7293205
17.98356827
20.95368269
22.0132379
24.78736201
27.56881894
28.59342246
26.1090471
27.54881646
28.6405791
21.53602803
21.38281042
16.56859919
11.73589607
9.570862532
6.205619745
12.29976404
12.29119139
13.39496167
14.80177926
16.86067291
16.93131265
26.339422
32.14067648
30.29616364
30.22700885
31.40194201
31.42663164
30.8123109
26.01010958
19.83900251
20.6831558
18.9774165
21.47455231
15.76850595
18.40938116
21.63423751
20.68416369
25.89145507
30.96730758
31.90026967
41.4327964
38.49936986
42.83033133
40.30030692
48.99866521
48.02271449
44.11497242
42.41688071
39.52188135
35.21322775
35.69043058
36.26008318
38.8481907
36.46050158
37.72478697
44.63030136
45.72380454
48.4317209
59.38225385
60.2937978
63.23048673
66.66972077
66.95128286
71.1566466
71.37124727
65.56623503
61.72487213
60.53170901
61.66279962
59.8034974
57.13768734
60.73517926
56.60351204
59.79938525
62.9688995
69.79255203
75.02856147
78.77599326
80.63051764
87.97517159
84.73726553
86.17567142
90.02917434
87.59354735
86.10170609
85.13599083
80.75436547
82.2639945
71.45546633
78.12505945
78.07734211
75.62649432
75.66253688
80.85760042
84.83476858
91.68739297
92.98625683
94.62329965
100.7983444
102.7869863
105.6233953
102.841473
98.15339263
100.1525735
94.26123012
91.69217436
89.36155662
89.60371718
86.79964765
83.19416704
82.4012931
85.40289527
83.21608217
95.26855249
98.31274217
101.0750731
102.2856659
105.0395937
107.3775465
101.5747701
102.998452
99.49112985
98.86293364
97.68909001
94.74298611
87.05719971
84.74033283
83.4527415
83.48054874
84.74853083
82.25618188
91.12038338
88.02096238
90.17063391
94.29262111
96.87903763
99.25760642
102.0662626
97.69092606
95.10562514
93.81235163
92.20893629
84.95774124
84.81913832
Pearson 1: 0,563906242520442
Pearson 2: 0,522285644759223
Pearson 3: 0,431011277037837
Pearson 4: 0,360820668386861
Pearson 5: 0,353689044462063
Pearson 6: 0,302541577173754
Pearson 7: 0,370396673581393
Pearson 8: 0,319264960642988
Pearson 9: 0,398812899182199
Pearson 10: 0,435652290080657
Pearson 11: 0,385972550583307
Pearson 12: 0,398093646225007
sales
32.94638131
35.05314733
37.22823244
42.86513536
44.62220005
41.36901181
42.93951946
42.8927732
34.79841451
33.85246505
27.55786678
30.2322229
26.31997414
24.50100537
19.56498999
25.68826056
24.47664919
25.77310876
25.86583634
34.42999251
33.76128399
38.9023959
43.01201746
41.09817731
41.57778896
38.91415522
37.89233181
36.54942565
33.93252042
24.0246727
20.80291991
17.46601208
18.47355328
17.79830809
21.36094697
17.13542904
22.45934265
27.27327576
27.49770684
36.52641287
32.80982856
35.12781768
36.1654508
29.24741787
35.09589973
27.38448097
25.02652248
18.28556742
14.9458333
11.19276354
15.35084699
10.86311862
13.50830729
11.82196119
8.684610434
11.7293205
17.98356827
20.95368269
22.0132379
24.78736201
27.56881894
28.59342246
26.1090471
27.54881646
28.6405791
21.53602803
21.38281042
16.56859919
11.73589607
9.570862532
6.205619745
12.29976404
12.29119139
13.39496167
14.80177926
16.86067291
16.93131265
26.339422
32.14067648
30.29616364
30.22700885
31.40194201
31.42663164
30.8123109
26.01010958
19.83900251
20.6831558
18.9774165
21.47455231
15.76850595
18.40938116
21.63423751
20.68416369
25.89145507
30.96730758
31.90026967
41.4327964
38.49936986
42.83033133
40.30030692
48.99866521
48.02271449
44.11497242
42.41688071
39.52188135
35.21322775
35.69043058
36.26008318
38.8481907
36.46050158
37.72478697
44.63030136
45.72380454
48.4317209
59.38225385
60.2937978
63.23048673
66.66972077
66.95128286
71.1566466
71.37124727
65.56623503
61.72487213
60.53170901
61.66279962
59.8034974
57.13768734
60.73517926
56.60351204
59.79938525
62.9688995
69.79255203
75.02856147
78.77599326
80.63051764
87.97517159
84.73726553
86.17567142
90.02917434
87.59354735
86.10170609
85.13599083
80.75436547
82.2639945
71.45546633
78.12505945
78.07734211
75.62649432
75.66253688
80.85760042
84.83476858
91.68739297
92.98625683
94.62329965
100.7983444
102.7869863
105.6233953
102.841473
98.15339263
100.1525735
94.26123012
91.69217436
89.36155662
89.60371718
86.79964765
83.19416704
82.4012931
85.40289527
83.21608217
95.26855249
98.31274217
101.0750731
102.2856659
105.0395937
107.3775465
101.5747701
102.998452
99.49112985
98.86293364
97.68909001
94.74298611
87.05719971
84.74033283
83.4527415
83.48054874
84.74853083
82.25618188
91.12038338
88.02096238
90.17063391
94.29262111
96.87903763
99.25760642
102.0662626
97.69092606
95.10562514
93.81235163
92.20893629
84.95774124
84.81913832
Pearson 1: -0,516360386550708
Pearson 2: 0,0473413997221139
Pearson 3: -0,00382168394424109
Pearson 4: 0,00178015185306679
Pearson 5: -0,0453950133643861
Pearson 6: 0,0156850882064021
Pearson 7: 0,0825327925870636
Pearson 8: -0,210684080079845
Pearson 9: 0,10410032870264
Pearson 10: 0,116499211529529
Pearson 11: -0,0934270403090508
Pearson 12: -0,0340520479370078
sales
32.94638131
35.05314733
37.22823244
42.86513536
44.62220005
41.36901181
42.93951946
42.8927732
34.79841451
33.85246505
27.55786678
30.2322229
26.31997414
24.50100537
19.56498999
25.68826056
24.47664919
25.77310876
25.86583634
34.42999251
33.76128399
38.9023959
43.01201746
41.09817731
41.57778896
38.91415522
37.89233181
36.54942565
33.93252042
24.0246727
20.80291991
17.46601208
18.47355328
17.79830809
21.36094697
17.13542904
22.45934265
27.27327576
27.49770684
36.52641287
32.80982856
35.12781768
36.1654508
29.24741787
35.09589973
27.38448097
25.02652248
18.28556742
14.9458333
11.19276354
15.35084699
10.86311862
13.50830729
11.82196119
8.684610434
11.7293205
17.98356827
20.95368269
22.0132379
24.78736201
27.56881894
28.59342246
26.1090471
27.54881646
28.6405791
21.53602803
21.38281042
16.56859919
11.73589607
9.570862532
6.205619745
12.29976404
12.29119139
13.39496167
14.80177926
16.86067291
16.93131265
26.339422
32.14067648
30.29616364
30.22700885
31.40194201
31.42663164
30.8123109
26.01010958
19.83900251
20.6831558
18.9774165
21.47455231
15.76850595
18.40938116
21.63423751
20.68416369
25.89145507
30.96730758
31.90026967
41.4327964
38.49936986
42.83033133
40.30030692
48.99866521
48.02271449
44.11497242
42.41688071
39.52188135
35.21322775
35.69043058
36.26008318
38.8481907
36.46050158
37.72478697
44.63030136
45.72380454
48.4317209
59.38225385
60.2937978
63.23048673
66.66972077
66.95128286
71.1566466
71.37124727
65.56623503
61.72487213
60.53170901
61.66279962
59.8034974
57.13768734
60.73517926
56.60351204
59.79938525
62.9688995
69.79255203
75.02856147
78.77599326
80.63051764
87.97517159
84.73726553
86.17567142
90.02917434
87.59354735
86.10170609
85.13599083
80.75436547
82.2639945
71.45546633
78.12505945
78.07734211
75.62649432
75.66253688
80.85760042
84.83476858
91.68739297
92.98625683
94.62329965
100.7983444
102.7869863
105.6233953
102.841473
98.15339263
100.1525735
94.26123012
91.69217436
89.36155662
89.60371718
86.79964765
83.19416704
82.4012931
85.40289527
83.21608217
95.26855249
98.31274217
101.0750731
102.2856659
105.0395937
107.3775465
101.5747701
102.998452
99.49112985
98.86293364
97.68909001
94.74298611
87.05719971
84.74033283
83.4527415
83.48054874
84.74853083
82.25618188
91.12038338
88.02096238
90.17063391
94.29262111
96.87903763
99.25760642
102.0662626
97.69092606
95.10562514
93.81235163
92.20893629
84.95774124
84.81913832
Pearson 1: 0,563906242520442
Pearson 2: 0,522285644759223
Pearson 3: 0,431011277037837
Pearson 4: 0,360820668386861
Pearson 5: 0,353689044462063
Pearson 6: 0,302541577173754
Pearson 7: 0,370396673581393
Pearson 8: 0,319264960642988
Pearson 9: 0,398812899182199
Pearson 10: 0,435652290080657
Pearson 11: 0,385972550583307
Pearson 12: 0,398093646225007
sales
32.94638131
35.05314733
37.22823244
42.86513536
44.62220005
41.36901181
42.93951946
42.8927732
34.79841451
33.85246505
27.55786678
30.2322229
26.31997414
24.50100537
19.56498999
25.68826056
24.47664919
25.77310876
25.86583634
34.42999251
33.76128399
38.9023959
43.01201746
41.09817731
41.57778896
38.91415522
37.89233181
36.54942565
33.93252042
24.0246727
20.80291991
17.46601208
18.47355328
17.79830809
21.36094697
17.13542904
22.45934265
27.27327576
27.49770684
36.52641287
32.80982856
35.12781768
36.1654508
29.24741787
35.09589973
27.38448097
25.02652248
18.28556742
14.9458333
11.19276354
15.35084699
10.86311862
13.50830729
11.82196119
8.684610434
11.7293205
17.98356827
20.95368269
22.0132379
24.78736201
27.56881894
28.59342246
26.1090471
27.54881646
28.6405791
21.53602803
21.38281042
16.56859919
11.73589607
9.570862532
6.205619745
12.29976404
12.29119139
13.39496167
14.80177926
16.86067291
16.93131265
26.339422
32.14067648
30.29616364
30.22700885
31.40194201
31.42663164
30.8123109
26.01010958
19.83900251
20.6831558
18.9774165
21.47455231
15.76850595
18.40938116
21.63423751
20.68416369
25.89145507
30.96730758
31.90026967
41.4327964
38.49936986
42.83033133
40.30030692
48.99866521
48.02271449
44.11497242
42.41688071
39.52188135
35.21322775
35.69043058
36.26008318
38.8481907
36.46050158
37.72478697
44.63030136
45.72380454
48.4317209
59.38225385
60.2937978
63.23048673
66.66972077
66.95128286
71.1566466
71.37124727
65.56623503
61.72487213
60.53170901
61.66279962
59.8034974
57.13768734
60.73517926
56.60351204
59.79938525
62.9688995
69.79255203
75.02856147
78.77599326
80.63051764
87.97517159
84.73726553
86.17567142
90.02917434
87.59354735
86.10170609
85.13599083
80.75436547
82.2639945
71.45546633
78.12505945
78.07734211
75.62649432
75.66253688
80.85760042
84.83476858
91.68739297
92.98625683
94.62329965
100.7983444
102.7869863
105.6233953
102.841473
98.15339263
100.1525735
94.26123012
91.69217436
89.36155662
89.60371718
86.79964765
83.19416704
82.4012931
85.40289527
83.21608217
95.26855249
98.31274217
101.0750731
102.2856659
105.0395937
107.3775465
101.5747701
102.998452
99.49112985
98.86293364
97.68909001
94.74298611
87.05719971
84.74033283
83.4527415
83.48054874
84.74853083
82.25618188
91.12038338
88.02096238
90.17063391
94.29262111
96.87903763
99.25760642
102.0662626
97.69092606
95.10562514
93.81235163
92.20893629
84.95774124
84.81913832
Pearson 1: 0,563906242520442
Pearson 2: 0,522285644759223
Pearson 3: 0,431011277037837
Pearson 4: 0,360820668386861
Pearson 5: 0,353689044462063
Pearson 6: 0,302541577173754
Pearson 7: 0,370396673581393
Pearson 8: 0,319264960642988
Pearson 9: 0,398812899182199
Pearson 10: 0,435652290080657
Pearson 11: 0,385972550583307
Pearson 12: 0,398093646225007
sales
32.94638131
35.05314733
37.22823244
42.86513536
44.62220005
41.36901181
42.93951946
42.8927732
34.79841451
33.85246505
27.55786678
30.2322229
26.31997414
24.50100537
19.56498999
25.68826056
24.47664919
25.77310876
25.86583634
34.42999251
33.76128399
38.9023959
43.01201746
41.09817731
41.57778896
38.91415522
37.89233181
36.54942565
33.93252042
24.0246727
20.80291991
17.46601208
18.47355328
17.79830809
21.36094697
17.13542904
22.45934265
27.27327576
27.49770684
36.52641287
32.80982856
35.12781768
36.1654508
29.24741787
35.09589973
27.38448097
25.02652248
18.28556742
14.9458333
11.19276354
15.35084699
10.86311862
13.50830729
11.82196119
8.684610434
11.7293205
17.98356827
20.95368269
22.0132379
24.78736201
27.56881894
28.59342246
26.1090471
27.54881646
28.6405791
21.53602803
21.38281042
16.56859919
11.73589607
9.570862532
6.205619745
12.29976404
12.29119139
13.39496167
14.80177926
16.86067291
16.93131265
26.339422
32.14067648
30.29616364
30.22700885
31.40194201
31.42663164
30.8123109
26.01010958
19.83900251
20.6831558
18.9774165
21.47455231
15.76850595
18.40938116
21.63423751
20.68416369
25.89145507
30.96730758
31.90026967
41.4327964
38.49936986
42.83033133
40.30030692
48.99866521
48.02271449
44.11497242
42.41688071
39.52188135
35.21322775
35.69043058
36.26008318
38.8481907
36.46050158
37.72478697
44.63030136
45.72380454
48.4317209
59.38225385
60.2937978
63.23048673
66.66972077
66.95128286
71.1566466
71.37124727
65.56623503
61.72487213
60.53170901
61.66279962
59.8034974
57.13768734
60.73517926
56.60351204
59.79938525
62.9688995
69.79255203
75.02856147
78.77599326
80.63051764
87.97517159
84.73726553
86.17567142
90.02917434
87.59354735
86.10170609
85.13599083
80.75436547
82.2639945
71.45546633
78.12505945
78.07734211
75.62649432
75.66253688
80.85760042
84.83476858
91.68739297
92.98625683
94.62329965
100.7983444
102.7869863
105.6233953
102.841473
98.15339263
100.1525735
94.26123012
91.69217436
89.36155662
89.60371718
86.79964765
83.19416704
82.4012931
85.40289527
83.21608217
95.26855249
98.31274217
101.0750731
102.2856659
105.0395937
107.3775465
101.5747701
102.998452
99.49112985
98.86293364
97.68909001
94.74298611
87.05719971
84.74033283
83.4527415
83.48054874
84.74853083
82.25618188
91.12038338
88.02096238
90.17063391
94.29262111
96.87903763
99.25760642
102.0662626
97.69092606
95.10562514
93.81235163
92.20893629
84.95774124
84.81913832
Pearson 1: 0,563906242520442
Pearson 2: 0,522285644759223
Pearson 3: 0,431011277037837
Pearson 4: 0,360820668386861
Pearson 5: 0,353689044462063
Pearson 6: 0,302541577173754
Pearson 7: 0,370396673581393
Pearson 8: 0,319264960642988
Pearson 9: 0,398812899182199
Pearson 10: 0,435652290080657
Pearson 11: 0,385972550583307
Pearson 12: 0,398093646225007
sales
32.94638131
35.05314733
37.22823244
42.86513536
44.62220005
41.36901181
42.93951946
42.8927732
34.79841451
33.85246505
27.55786678
30.2322229
26.31997414
24.50100537
19.56498999
25.68826056
24.47664919
25.77310876
25.86583634
34.42999251
33.76128399
38.9023959
43.01201746
41.09817731
41.57778896
38.91415522
37.89233181
36.54942565
33.93252042
24.0246727
20.80291991
17.46601208
18.47355328
17.79830809
21.36094697
17.13542904
22.45934265
27.27327576
27.49770684
36.52641287
32.80982856
35.12781768
36.1654508
29.24741787
35.09589973
27.38448097
25.02652248
18.28556742
14.9458333
11.19276354
15.35084699
10.86311862
13.50830729
11.82196119
8.684610434
11.7293205
17.98356827
20.95368269
22.0132379
24.78736201
27.56881894
28.59342246
26.1090471
27.54881646
28.6405791
21.53602803
21.38281042
16.56859919
11.73589607
9.570862532
6.205619745
12.29976404
12.29119139
13.39496167
14.80177926
16.86067291
16.93131265
26.339422
32.14067648
30.29616364
30.22700885
31.40194201
31.42663164
30.8123109
26.01010958
19.83900251
20.6831558
18.9774165
21.47455231
15.76850595
18.40938116
21.63423751
20.68416369
25.89145507
30.96730758
31.90026967
41.4327964
38.49936986
42.83033133
40.30030692
48.99866521
48.02271449
44.11497242
42.41688071
39.52188135
35.21322775
35.69043058
36.26008318
38.8481907
36.46050158
37.72478697
44.63030136
45.72380454
48.4317209
59.38225385
60.2937978
63.23048673
66.66972077
66.95128286
71.1566466
71.37124727
65.56623503
61.72487213
60.53170901
61.66279962
59.8034974
57.13768734
60.73517926
56.60351204
59.79938525
62.9688995
69.79255203
75.02856147
78.77599326
80.63051764
87.97517159
84.73726553
86.17567142
90.02917434
87.59354735
86.10170609
85.13599083
80.75436547
82.2639945
71.45546633
78.12505945
78.07734211
75.62649432
75.66253688
80.85760042
84.83476858
91.68739297
92.98625683
94.62329965
100.7983444
102.7869863
105.6233953
102.841473
98.15339263
100.1525735
94.26123012
91.69217436
89.36155662
89.60371718
86.79964765
83.19416704
82.4012931
85.40289527
83.21608217
95.26855249
98.31274217
101.0750731
102.2856659
105.0395937
107.3775465
101.5747701
102.998452
99.49112985
98.86293364
97.68909001
94.74298611
87.05719971
84.74033283
83.4527415
83.48054874
84.74853083
82.25618188
91.12038338
88.02096238
90.17063391
94.29262111
96.87903763
99.25760642
102.0662626
97.69092606
95.10562514
93.81235163
92.20893629
84.95774124
84.81913832
Pearson 1: -0,516360386550708
Pearson 2: 0,0473413997221139
Pearson 3: -0,00382168394424109
Pearson 4: 0,00178015185306679
Pearson 5: -0,0453950133643861
Pearson 6: 0,0156850882064021
Pearson 7: 0,0825327925870636
Pearson 8: -0,210684080079845
Pearson 9: 0,10410032870264
Pearson 10: 0,116499211529529
Pearson 11: -0,0934270403090508
Pearson 12: -0,0340520479370078
sales
32.94638131
35.05314733
37.22823244
42.86513536
44.62220005
41.36901181
42.93951946
42.8927732
34.79841451
33.85246505
27.55786678
30.2322229
26.31997414
24.50100537
19.56498999
25.68826056
24.47664919
25.77310876
25.86583634
34.42999251
33.76128399
38.9023959
43.01201746
41.09817731
41.57778896
38.91415522
37.89233181
36.54942565
33.93252042
24.0246727
20.80291991
17.46601208
18.47355328
17.79830809
21.36094697
17.13542904
22.45934265
27.27327576
27.49770684
36.52641287
32.80982856
35.12781768
36.1654508
29.24741787
35.09589973
27.38448097
25.02652248
18.28556742
14.9458333
11.19276354
15.35084699
10.86311862
13.50830729
11.82196119
8.684610434
11.7293205
17.98356827
20.95368269
22.0132379
24.78736201
27.56881894
28.59342246
26.1090471
27.54881646
28.6405791
21.53602803
21.38281042
16.56859919
11.73589607
9.570862532
6.205619745
12.29976404
12.29119139
13.39496167
14.80177926
16.86067291
16.93131265
26.339422
32.14067648
30.29616364
30.22700885
31.40194201
31.42663164
30.8123109
26.01010958
19.83900251
20.6831558
18.9774165
21.47455231
15.76850595
18.40938116
21.63423751
20.68416369
25.89145507
30.96730758
31.90026967
41.4327964
38.49936986
42.83033133
40.30030692
48.99866521
48.02271449
44.11497242
42.41688071
39.52188135
35.21322775
35.69043058
36.26008318
38.8481907
36.46050158
37.72478697
44.63030136
45.72380454
48.4317209
59.38225385
60.2937978
63.23048673
66.66972077
66.95128286
71.1566466
71.37124727
65.56623503
61.72487213
60.53170901
61.66279962
59.8034974
57.13768734
60.73517926
56.60351204
59.79938525
62.9688995
69.79255203
75.02856147
78.77599326
80.63051764
87.97517159
84.73726553
86.17567142
90.02917434
87.59354735
86.10170609
85.13599083
80.75436547
82.2639945
71.45546633
78.12505945
78.07734211
75.62649432
75.66253688
80.85760042
84.83476858
91.68739297
92.98625683
94.62329965
100.7983444
102.7869863
105.6233953
102.841473
98.15339263
100.1525735
94.26123012
91.69217436
89.36155662
89.60371718
86.79964765
83.19416704
82.4012931
85.40289527
83.21608217
95.26855249
98.31274217
101.0750731
102.2856659
105.0395937
107.3775465
101.5747701
102.998452
99.49112985
98.86293364
97.68909001
94.74298611
87.05719971
84.74033283
83.4527415
83.48054874
84.74853083
82.25618188
91.12038338
88.02096238
90.17063391
94.29262111
96.87903763
99.25760642
102.0662626
97.69092606
95.10562514
93.81235163
92.20893629
84.95774124
84.81913832
Pearson 1: 0,563906242520442
Pearson 2: 0,522285644759223
Pearson 3: 0,431011277037837
Pearson 4: 0,360820668386861
Pearson 5: 0,353689044462063
Pearson 6: 0,302541577173754
Pearson 7: 0,370396673581393
Pearson 8: 0,319264960642988
Pearson 9: 0,398812899182199
Pearson 10: 0,435652290080657
Pearson 11: 0,385972550583307
Pearson 12: 0,398093646225007
sales
32.94638131
35.05314733
37.22823244
42.86513536
44.62220005
41.36901181
42.93951946
42.8927732
34.79841451
33.85246505
27.55786678
30.2322229
26.31997414
24.50100537
19.56498999
25.68826056
24.47664919
25.77310876
25.86583634
34.42999251
33.76128399
38.9023959
43.01201746
41.09817731
41.57778896
38.91415522
37.89233181
36.54942565
33.93252042
24.0246727
20.80291991
17.46601208
18.47355328
17.79830809
21.36094697
17.13542904
22.45934265
27.27327576
27.49770684
36.52641287
32.80982856
35.12781768
36.1654508
29.24741787
35.09589973
27.38448097
25.02652248
18.28556742
14.9458333
11.19276354
15.35084699
10.86311862
13.50830729
11.82196119
8.684610434
11.7293205
17.98356827
20.95368269
22.0132379
24.78736201
27.56881894
28.59342246
26.1090471
27.54881646
28.6405791
21.53602803
21.38281042
16.56859919
11.73589607
9.570862532
6.205619745
12.29976404
12.29119139
13.39496167
14.80177926
16.86067291
16.93131265
26.339422
32.14067648
30.29616364
30.22700885
31.40194201
31.42663164
30.8123109
26.01010958
19.83900251
20.6831558
18.9774165
21.47455231
15.76850595
18.40938116
21.63423751
20.68416369
25.89145507
30.96730758
31.90026967
41.4327964
38.49936986
42.83033133
40.30030692
48.99866521
48.02271449
44.11497242
42.41688071
39.52188135
35.21322775
35.69043058
36.26008318
38.8481907
36.46050158
37.72478697
44.63030136
45.72380454
48.4317209
59.38225385
60.2937978
63.23048673
66.66972077
66.95128286
71.1566466
71.37124727
65.56623503
61.72487213
60.53170901
61.66279962
59.8034974
57.13768734
60.73517926
56.60351204
59.79938525
62.9688995
69.79255203
75.02856147
78.77599326
80.63051764
87.97517159
84.73726553
86.17567142
90.02917434
87.59354735
86.10170609
85.13599083
80.75436547
82.2639945
71.45546633
78.12505945
78.07734211
75.62649432
75.66253688
80.85760042
84.83476858
91.68739297
92.98625683
94.62329965
100.7983444
102.7869863
105.6233953
102.841473
98.15339263
100.1525735
94.26123012
91.69217436
89.36155662
89.60371718
86.79964765
83.19416704
82.4012931
85.40289527
83.21608217
95.26855249
98.31274217
101.0750731
102.2856659
105.0395937
107.3775465
101.5747701
102.998452
99.49112985
98.86293364
97.68909001
94.74298611
87.05719971
84.74033283
83.4527415
83.48054874
84.74853083
82.25618188
91.12038338
88.02096238
90.17063391
94.29262111
96.87903763
99.25760642
102.0662626
97.69092606
95.10562514
93.81235163
92.20893629
84.95774124
84.81913832
Pearson 1: -0,516360386550708
Pearson 2: 0,0473413997221139
Pearson 3: -0,00382168394424109
Pearson 4: 0,00178015185306679
Pearson 5: -0,0453950133643861
Pearson 6: 0,0156850882064021
Pearson 7: 0,0825327925870636
Pearson 8: -0,210684080079845
Pearson 9: 0,10410032870264
Pearson 10: 0,116499211529529
Pearson 11: -0,0934270403090508
Pearson 12: -0,0340520479370078
